0.0.2
1 Emerald Hill
1014 527 PATHSWITCH i 
880 691 PATHSWITCH u 
1150 748 PATHSWITCH s 
1307 503 PLATFORM 
1574 479 PLATFORM 
632 688 RING
662 688 RING
686 688 RING
713 687 RING
1839 461 PLATFORM
964 485 RINGMONITOR
765 695 SPRINGYELLOW u
645 454 BEEBADNIK
E
NORMAL
EmeraldHillZone.png
EmeraldHillZone/Block
EmeraldHillZone/Background/
91
24 10
0 4 0 1
0 5 4 1
0 6 4 1
1 3 11 1
1 4 10 1
1 5 4 1
1 6 4 1
2 4 1
2 5 3
2 6 4 1
3 5 2
3 6 4
4 5 0 1
4 6 4 1
5 4 13 1
5 5 12 1
5 6 4 1
6 5 0 1
6 6 4 1
7 4 7
7 5 5
7 6 4
7 7 4
8 4 8
8 5 6
8 6 9
8 7 4
9 6 2
9 7 4
10 6 0 1
10 7 4 1
11 6 2 1
11 7 4 1
12 5 1 1
12 6 3 1
12 7 4 1
13 4 11 1
13 5 10 1
13 6 4 1
13 7 4 1
14 5 0 1
14 6 4 1
14 7 4 1
15 5 0 1
15 6 4 1
15 7 4 1
16 4 13 1
16 5 12 1
16 6 4 1
16 7 4 1
17 3 13 1
17 4 14 1
17 5 12 1
17 6 4 1
17 7 4 1
17 8 1
18 3 0 1
18 4 17
18 5 16 1
18 6 4 1
18 7 4 1
18 8 0
19 3 0 1
19 4 17
19 5 16 1
19 6 4
19 7 4
20 3 2 1
20 4 17
20 5 16 1
20 6 4
20 7 4
21 2 1 1
21 3 3 1
21 4 17
21 5 16
21 6 4 1
21 7 4 1
22 2 0
22 3 4
22 4 17
22 5 16
22 6 4
22 7 4
22 8 3
23 2 0
23 3 4
23 4 17
23 5 16
23 6 4
23 7 4
