1 Emerald Hill
624 312 RING
656 312 RING
688 312 RING
720 312 RING
1263 326 PATHSWITCH u
1400 176 PATHSWITCH i
1540 390 PATHSWITCH s
1774 334 PATHSWITCH u
1908 176 PATHSWITCH i
2054 396 PATHSWITCH s
2391 340 SPRING_YELLOW u
1914 116 RING
6008 690 PATHSWITCH i
6156 910 PATHSWITCH s
3970 164 PLATFORM
4234 153 PLATFORM
5878 834 PATHSWITCH u
4498 143 PLATFORM
944 244 BEEBADNIK
4869 524 BEEBADNIK
2458 122 RING
2486 123 RING
2515 122 RING
256 356 BRIDGE 
1395 116 RINGMONITOR
767 316 CRABBADNIK
3137 43 CRABBADNIK
4082 379 CRABBADNIK
5365 637 CRABBADNIK
6004 629 RINGMONITOR
6404 830 CRABBADNIK
6856 891 RING
6877 890 RING
6899 891 RING
6922 890 RING
7570 1054 GOALPOST
E E E
1000000 -500 100 3000
NORMAL
..\..\asset\EmeraldHillZone.png
93
31 5
0 1 0
0 2 4
1 2 4
2 1 0
2 2 4
3 1 0
3 2 4
4 1 12
4 2 4
5 0 2
5 1 1
5 2 4
6 1 3
6 2 5
7 0 2
7 1 1
7 2 4
8 1 3
8 2 5
9 0 7
9 1 6
9 2 4
10 0 3
10 1 5
11 0 0 1
11 1 4 1
12 0 0 1
12 1 4
13 0 3 1
13 1 5 1
13 2 5 1
14 0 7 1
14 1 6 1
14 2 5 1
14 3 5 1
15 1 3 1
15 2 5 1
15 3 5 1
16 1 9
16 2 5
16 3 5
17 1 11
17 2 10
17 3 5
18 0 7
18 2 0
18 3 4
19 0 3
19 2 0
19 3 4
20 0 0
20 2 3 1
20 3 5 1
20 4 5 1
21 0 0
21 2 9
21 3 5
21 4 5
22 0 3 1
22 2 11
22 3 10
22 4 5
23 0 9
23 1 5
23 2 2
23 3 1
23 4 4
24 0 9 1
24 1 5 1
24 3 3
24 4 5
25 0 8
25 1 5
25 3 0
25 4 4
26 0 8
26 1 5
26 3 3 1
26 4 5 1
27 0 9
27 1 5
27 3 9
27 4 5
28 0 11
28 1 10
28 3 11
28 4 10
29 1 0 1
29 4 0
30 0 7
30 1 6
30 3 7
30 4 6