false
1  1  1  1   1  1  1  1   1  1  1  1   1  1  1  1   0
13 13 13 13  13 13 13 13  13 13 13 13  13 13 13 13  0
16 16 16 16  16 16 16 16  16 16 16 16  16 16 16 16  0
13 13 13 13  14 14 14 14  15 15 15 15  16 16 16 16  247.958
13 13 13 13  13 13 13 13  13 13 13 13  13 13 13 13  0
12 11 11 11  11 11 11 11  11 11 11 11  11 11 12 13  0
16 16 16 16  16 16 16 16  16 16 16 16  16 16 16 16  0
16 16 16 16  16 16 16 16  16 16 16 16  16 16 16 16  0
16 16 16 16  16 16 16 16  16 16 16 16  16 16 16 16  0
16 16 16 16  16 16 16 16  16 16 16 16  16 16 16 16  0
16 16 16 16  16 16 16 16  16 16 16 16  16 16 16 16  0
16 16 16 16  16 16 16 16  16 16 16 16  16 16 16 16  0
16 16 16 16  16 16 16 16  16 16 16 16  16 16 16 16  0
16 16 16 16  16 16 16 16  16 16 16 16  16 16 16 16  0
16 16 16 16  16 16 16 16  16 16 16 16  16 16 16 16  0
16 16 16 16  16 16 16 16  16 16 16 16  16 16 16 16  0
16 16 16 16  16 16 16 16  16 16 16 16  16 16 16 16  0
16 16 16 16  16 16 16 16  16 16 16 16  16 16 16 16  0
16 16 16 16  16 16 16 16  16 16 16 16  16 16 16 16  0
16 16 16 16  16 16 16 16  16 16 16 16  16 16 16 16  0
16 16 16 16  16 16 16 16  16 16 16 16  16 16 16 16  0
16 16 16 16  16 16 16 16  16 16 16 16  16 16 16 16  0
16 16 16 16  16 16 16 16  16 16 16 16  16 16 16 16  0
16 16 16 16  16 16 16 16  16 16 16 16  16 16 16 16  0
16 16 16 16  16 16 16 16  16 16 16 16  16 16 16 16  0
16 16 16 16  16 16 16 16  16 16 16 16  16 16 16 16  0
0  0  0  0   0  0  0  0   0  0  0  0   1  1  1  1   253.287
1  1  1  1   1  1  1  1   1  1  1  2   2  2  2  2   253.287
3  3  3  4   4  4  4  5   5  6  6  7   7  7  8  8   242.891
9  9  9  10  10 10 10 11  11 11 11 12  12 12 12 13  245.382
13 13 14 14  14 15 15 15  16 16 16 16  16 16 16 16  241.382
16 16 16 16  16 16 16 16  16 16 16 16  16 16 16 16  0
16 16 16 16  16 16 16 16  16 16 16 16  16 16 16 16  0
16 16 16 16  16 16 16 16  16 16 16 16  16 16 16 16  0
16 16 16 16  16 16 16 16  16 16 16 16  16 16 16 16  0
16 16 16 16  16 16 16 16  16 16 16 16  16 16 16 16  0
16 16 16 16  16 16 16 16  16 16 16 16  16 16 16 16  0
16 16 16 16  16 16 16 16  16 16 16 16  16 16 16 16  0
16 16 16 16  16 16 16 16  16 16 16 16  16 16 16 16  0
10 10 10 10  10 10 10 10  10 10 10 10  10 10 10 10  0
9  10 11 12  13 14 15 16  16 16 16 16  16 16 16 16  224
16 16 16 16  16 16 16 16  16 16 16 16  16 16 16 16  0
16 16 16 16  16 16 16 16  16 16 16 16  16 16 16 16  0
16 16 16 16  16 16 16 16  16 16 16 16  16 16 16 16  0
16 16 16 16  16 16 16 16  16 16 16 16  16 16 16 16  0
16 16 16 16  16 16 16 16  16 16 16 16  16 16 16 16  0
16 16 16 16  16 16 16 16  16 16 16 16  16 16 16 16  0
16 16 16 16  16 16 16 16  16 16 16 16  16 16 16 16  0
16 16 16 16  16 16 16 16  16 16 16 16  16 16 16 16  0
16 16 16 16  16 16 16 16  16 16 16 16  16 16 16 16  0
13 13 13 13  13 13 13 13  13 13 13 13  13 12 11 9   10
16 16 16 16  16 16 16 16  16 16 16 16  16 16 16 16  0
16 16 16 16  16 16 16 16  16 16 16 16  16 16 16 16  0
1  1  1  1   1  1  1  1   1  1  1  1   1  1  1  1   0
16 16 16 16  16 16 16 16  16 16 16 16  16 16 16 16  0
16 16 16 16  16 16 16 16  16 16 16 16  16 16 16 16  0
16 16 16 16  16 16 16 16  16 16 16 16  16 16 16 16  0
16 16 16 16  16 16 16 16  16 16 16 16  16 16 16 16  0
16 16 16 16  16 16 16 16  16 16 16 16  16 16 16 16  0
16 16 16 16  16 16 16 16  16 16 16 16  16 16 16 16  0
16 16 16 16  16 16 16 16  16 16 16 16  16 16 16 16  0
16 16 16 16  16 16 16 16  16 16 16 16  16 16 16 16  0
16 16 16 16  16 16 16 16  16 16 16 16  16 16 16 16  0
0  0  0  0   0  0  0  0   0  0  0  0   0  0  0  0   0
0  0  0  0   0  0  0  0   0  0  0  0   0  0  0  0   0
15 15 15 15  15 15 15 15  15 15 15 15  15 15 15 15  0
16 16 16 16  16 16 16 16  16 16 16 16  16 16 15 10  0
16 16 16 16  16 16 16 16  16 16 16 16  16 16 16 16  0
16 16 16 16  16 16 16 16  16 16 16 16  16 16 16 16  0
16 16 16 16  16 16 16 16  16 16 16 16  16 16 16 16  0
16 16 16 16  16 16 16 16  16 16 16 16  16 16 16 16  0
16 16 16 16  16 16 16 16  16 16 16 16  16 16 16 16  0
16 16 16 16  16 16 16 16  16 16 16 16  16 16 16 16  0
3  3  3  3   3  3  3  3   3  3  3  3   3  3  3  3   0
16 16 16 16  16 16 16 16  16 16 16 16  16 16 16 16  0
16 16 16 16  16 16 16 16  16 16 16 16  16 16 16 16  0
4  4  6  6   8  8  8  10  10 10 10 11  11 11 11 12  225
0  0  0  1   3  5  7  9   11 11 12 12  14 14 14 14  213
15 16 16 16  16 16 16 16  16 16 16 16  16 16 16 16  0
16 16 16 16  16 16 16 16  16 16 16 16  16 16 16 16  0
16 16 16 16  16 16 16 16  16 16 16 16  16 16 16 16  0
16 16 16 16  16 16 16 16  16 16 16 16  16 16 16 16  0
16 16 16 16  16 16 16 16  16 16 16 16  16 16 16 16  0
16 16 16 16  16 16 16 16  16 16 16 16  16 16 16 16  0
16 16 16 16  16 16 16 16  16 16 16 16  16 16 16 16  0
16 16 16 16  16 16 16 16  16 16 16 16  16 16 16 16  0
16 16 16 16  16 16 16 16  16 16 16 16  16 16 16 16  0
16 16 16 16  16 16 16 16  16 16 16 16  16 16 16 16  0
12 12 12 12  12 12 12 12  12 12 12 12  12 12 12 12  0
12 12 12 12  12 12 12 12  12 12 12 12  12 12 12 12  0
13 14 14 15  16 16 16 16  16 16 16 16  16 16 16 16  0
16 16 16 16  16 16 16 16  16 16 16 16  16 16 16 16  0
16 16 16 16  16 16 16 16  16 16 16 16  16 16 16 16  0
16 16 16 16  16 16 16 16  16 16 16 16  16 16 16 16  0
16 16 16 16  16 16 16 16  16 16 16 16  16 16 16 16  0
16 16 16 16  16 16 16 16  16 16 16 16  16 16 16 16  0
16 16 16 16  16 16 16 16  16 16 16 16  16 16 16 16  0
16 16 16 16  16 16 16 16  16 16 16 16  16 16 16 16  0
16 16 16 16  16 16 16 16  16 16 16 16  16 16 16 16  0
16 16 16 16  16 16 16 16  16 16 16 16  16 16 16 16  0
16 16 16 16  16 16 16 16  16 16 16 16  16 16 16 16  0
16 16 16 16  16 16 16 16  16 16 16 16  16 16 16 16  0
2  2  2  2   2  2  2  2   2  2  2  2   2  2  2  2   0
0  0  0  0   0  0  0  0   0  0  0  0   0  0  0  0   0
16 16 16 16  16 16 16 16  16 16 16 16  16 16 16 16  0
16 16 16 16  16 16 16 16  16 16 16 16  16 16 16 16  0
16 16 16 16  16 16 16 16  16 16 16 16  16 16 16 16  0
16 16 16 16  16 16 16 16  16 16 16 16  16 16 16 16  0
16 16 16 16  16 16 16 16  16 16 16 16  16 16 16 16  0
16 16 16 16  16 16 16 16  16 16 16 16  16 16 16 16  0
0  0  0  0   0  0  1  1   2  2  3  4   4  4  4  5   242.89
5  5  5  6   6  6  6  7   7  7  8  9   9  9  9  10  242.89
16 16 16 16  16 16 16 16  16 16 16 16  16 16 16 16  0
16 16 16 16  16 16 16 16  16 16 16 16  16 16 16 16  0
16 16 16 16  16 16 16 16  16 16 16 16  16 16 16 16  0
16 16 16 16  16 16 16 16  16 16 16 16  16 16 16 16  0
6  6  6  7   7  7  8  8   9  9  10 10  11 11 12 12  240.497
1  2  2  2   2  2  3  3   3  3  4  4   4  5  5  5   247.957
0  0  0  0   0  0  0  0   0  0  1  1   1  1  1  1   253.288
16 16 16 16  16 16 16 16  16 16 16 16  16 16 16 16  0
9  10 10 11  12 14 15 16  16 16 16 16  16 16 16 16  224
0  0  0  0   0  0  1  1   2  3  4  4   5  6  7  7   229.066
12 14 15 16  16 16 16 16  16 16 16 16  16 16 16 16  218.219
0  0  0  0   0  0  0  0   1  2  3  5   6  7  9  10  216.883
0  0  0  1   3  5  7  9   12 15 16 16  16 16 16 16  214.018
0  0  0  0   0  0  0  0   0  0  2  5   9  14 16 16  201.981
0  0  0  0   0  0  0  0   0  0  0  0   0  0  0  16  192
0  0  0  0   0  0  0  0   0  0  2  5   9  14 16 16  201.981
16 16 16 16  16 16 16 16  16 16 16 16  16 16 16 16  0
16 16 16 16  16 16 16 16  16 16 16 16  16 16 16 16  0
2  3  3  6   7  7  8  8   8  8  7  4   4  4  3  5   0
8  8  8  8   8  8  8  8   8  8  8  8   8  8  8  8   0
16 16 16 16  16 16 16 16  16 16 16 16  16 16 16 16  0
16 16 16 16  16 16 16 16  16 16 16 16  16 16 16 16  0
16 16 16 16  16 16 16 16  16 16 16 16  16 16 16 16  0
13 12 12 12  12 11 11 11  11 12 12 12  11 8  7  7   0
16 16 16 16  16 16 16 16  16 16 16 16  16 16 16 16  0
0  0  0  0   0  0  0  0   0  0  2  5   9  14 16 16  201.981
12 14 15 16  16 16 16 16  16 16 16 16  16 16 16 16  218.219
0  0  0  0   0  0  0  0   1  2  3  5   6  7  9  10  216.883
16 16 16 16  16 16 16 16  16 16 16 16  16 16 16 16  0
9  10 10 11  12 14 15 16  16 16 16 16  16 16 16 16  224
0  0  0  0   0  0  0  0   1  2  3  5   6  7  9  10  216.883
0  0  0  0   0  0  0  0   0  0  0  0   0  0  0  0   0
0  0  0  0   0  0  0  0   0  0  0  0   0  0  0  0   0
0  0  0  0   0  0  0  0   0  0  0  0   0  0  0  0   0
8  9  10 11  12 13 14 15  16 16 16 16  16 16 16 16  224
0  0  0  0   0  0  0  0   1  2  3  5   6  7  9  10  216.883
12 14 16 16  16 16 16 16  16 16 16 16  16 16 16 16  210.89
9  10 10 11  12 14 15 16  16 16 16 16  16 16 16 16  224
16 16 16 16  16 16 16 16  16 16 16 16  16 16 16 16  0
1  1  1  1   1  1  1  1   1  1  1  1   1  1  1  1   0
false
16 16 16 16  16 16 16 16  16 16 16 16  16 16 16 16  0
false
7  7  7  8   8  8  8  9   9  10 11 12  12 12 12 13  240.497
0  0  0  0   1  1  1  2   2  2  3  4   4  4  5  6   240.497
16 16 16 16  16 16 16 16  16 16 16 16  16 16 16 16  0
16 16 16 16  16 16 16 16  16 16 16 16  16 16 16 16  0
7  7  7  8   8  8  8  9   10 11 11 12  12 12 12 13  240.497
0  0  0  0   0  0  0  0   0  0  0  0   0  0  0  0   0
12 12 12 12  12 12 12 13  14 15 16 16  16 16 16 16  240.497
3  3  3  4   4  4  4  5   6  7  7  8   8  8  8  9   240.497
false
6  7  8  9   10 11 13 14  15 16 16 16  16 16 16 16  221.858
0  0  0  0   0  0  0  0   0  0  0  0   0  0  6  16  192
0  0  0  0   0  0  0  0   0  0  0  0   0  0  0  0   0
false
false
0  0  0  0   1  1   1  1  2  2  2  2   3  3  3  3   247.958
false
16 16 16 16  16 16 16 16  16 16 16 16  16 16 16 16  0
16 16 16 16  16 16 16 16  16 16 16 16  16 16 16 16  0
16 16 16 16  16 16 16 16  16 16 16 16  16 16 16 16  0
16 16 16 16  16 16 16 16  16 16 16 16  16 16 16 16  0
8  8  8  8   8  8  8  8   8  8  8  8   8  8  8  8   0
0  0  0  0   0  0  0  0   0  0  0  0   0  0  0  0   0
0  0  0  0   0  0  0  0   0  0  0  0   0  0  0  0   0
0  0  0  0   0  0  0  0   0  0  0  0   0  0  0  0   0
12 12 12 13  13 13 13 13  13 13 13 14  14 14 14 15  247.958
16 16 16 16  16 16 16 16  16 16 16 16  16 16 16 16  0
16 16 16 16  16 16 16 16  16 16 16 16  16 16 16 16  0
16 16 16 16  16 16 16 16  16 16 16 16  16 16 16 16  0
0  0  0  0   0  0  0  0   0  0  0  0   0  0  0  0   0
16 16 16 16  16 16 16 16  16 16 16 16  16 16 15 11  54.019
false
11 15 16 16 16 16  16 16 16 16  16 16 16 16  16 16  201.981
11 11 11 11  11 11 11 11  11 11 11 11  11 11 11 11  0
11 11 11 11  11 11 11 11  11 11 11 11  11 11 11 11  0
11 11 11 11  11 11 11 11  11 11 11 11  11 11 11 11  0
0  0  0  0   0  0  0  0   0  0  0  0   0  0  16 16  192
16 16 16 16  16 16 16 16  16 16 16 16  16 16 16 16  0
16 16 16 16  16 16 16 16  16 16 16 16  16 16 16 16  0
16 16 16 16  16 16 16 16  16 16 16 16  16 16 16 16  0
16 16 16 16  16 16 16 16  16 16 16 16  16 16 16 16  0
false
false
false
false
false
false
false
false
false
false
false
false
false
false
false
false
false
false
3  3  3  4   4  4  4  5   5  6  6  7   7  7  7  8   242.891
false
false
false
false
false
false
false
false
false
false
false
false
false
false
false
false
false
false
false
false
false
false
false
false
false
false
false
false
false
false
false
false
false
false
false
false
false
false
false
false
false
false
false
false
false
false
false
false
false
false
false
false
false
false
false
false
false
false
false
false
false
false
false
false
false
false
false
false
false
false
false
false
false
false
false
false
false
16 16 16 16  16 16 16 16  16 16 16 16  16 16 16 16  0
false
false